0,1234,1,05/04/2024
1,1234,1,05/04/2024
2,1234,1,05/04/2024
3,1234,1,05/04/2024
4,1234,1,05/04/2024
5,1234,1,05/04/2024
6,1234,1,05/04/2024
7,1234,1,05/04/2024
8,1234,1,05/04/2024
9,1234,1,05/04/2024
10,1234,5,05/04/2024
11,1234,5,05/04/2024
12,1234,5,05/04/2024
13,1234,5,05/04/2024
14,1234,5,05/04/2024
15,1234,8,05/04/2024
16,1234,8,05/04/2024
17,1234,8,05/04/2024
18,4567,4,05/04/2024
19,4567,4,05/04/2024
20,4567,4,05/04/2024
21,4567,4,05/04/2024
22,4567,4,05/04/2024
23,4567,4,05/04/2024
24,4567,4,05/04/2024
25,4567,4,05/04/2024
26,4567,4,05/04/2024
27,4567,4,05/04/2024
28,4567,8,05/04/2024
29,4567,8,05/04/2024
30,4567,8,05/04/2024
31,4567,8,05/04/2024
32,4567,8,05/04/2024
33,4567,8,05/04/2024
34,4567,8,05/04/2024
35,4567,8,05/04/2024
36,4567,8,05/04/2024
37,4567,8,05/04/2024
38,4567,8,05/04/2024
39,4567,8,05/04/2024
40,4567,8,05/04/2024
41,9876,9,05/04/2024
42,9876,9,05/04/2024
43,9876,9,05/04/2024
44,9876,9,05/04/2024
45,9876,9,05/04/2024
46,9876,9,05/04/2024
47,9876,9,05/04/2024
48,9876,9,05/04/2024
49,9876,9,05/04/2024
50,9876,9,05/04/2024
51,9876,9,05/04/2024
52,9876,9,05/04/2024
53,9876,9,05/04/2024
54,9876,9,05/04/2024
55,9876,9,05/04/2024
56,9876,9,05/04/2024
57,9876,9,05/04/2024
58,9876,9,05/04/2024
59,9876,9,05/04/2024
60,9876,9,05/04/2024
61,9876,9,05/04/2024
62,9876,9,05/04/2024
63,9876,9,05/04/2024
64,9876,9,05/04/2024
65,9876,9,05/04/2024
66,9876,9,05/04/2024
67,9876,9,05/04/2024
68,9876,9,05/04/2024
69,9876,9,05/04/2024
70,9876,9,05/04/2024
71,9876,9,05/04/2024
72,9876,9,05/04/2024
73,9876,9,05/04/2024
74,9876,9,05/04/2024
75,9876,9,05/04/2024
76,9876,9,05/04/2024
77,9876,9,05/04/2024
78,9876,9,05/04/2024
79,9876,9,05/04/2024
80,9876,9,05/04/2024
81,9876,9,05/04/2024
82,9876,9,05/04/2024
83,9876,9,05/04/2024
84,9876,9,05/04/2024
85,9876,9,05/04/2024
